1 0.115234375 0.5328776041666666 0.010416666666666666 0.010416666666666666
0 0.6004231770833334 0.7804361979166666 0.0146484375 0.0146484375
0 0.17985026041666666 0.9900716145833334 0.0107421875 0.0107421875
0 0.8014322916666666 0.4368489583333333 0.015625 0.015625
0 0.2503255208333333 0.833984375 0.014322916666666666 0.014322916666666666
0 0.439453125 0.9225260416666666 0.011067708333333334 0.011067708333333334
0 0.4890950520833333 0.89404296875 0.0146484375 0.0146484375
0 0.16813151041666666 0.16227213541666666 0.015299479166666666 0.015299479166666666
0 0.9654947916666666 0.5755208333333334 0.009765625 0.009765625
0 0.4212239583333333 0.045572916666666664 0.015625 0.015625
0 0.6240234375 0.3492838541666667 0.010416666666666666 0.010416666666666666
0 0.47607421875 0.86279296875 0.013346354166666666 0.013346354166666666
0 0.9676106770833334 0.85205078125 0.015950520833333332 0.015950520833333332
0 0.76171875 0.3860677083333333 0.013020833333333334 0.013020833333333334
0 0.8299153645833334 0.5734049479166666 0.011393229166666666 0.011393229166666666
0 0.8279622395833334 0.11246744791666667 0.012044270833333334 0.012044270833333334
0 0.08837890625 0.7120768229166666 0.015299479166666666 0.015299479166666666
0 0.4103190104166667 0.7364908854166666 0.0107421875 0.0107421875
0 0.3912760416666667 0.053059895833333336 0.014322916666666666 0.014322916666666666
0 0.04052734375 0.5948893229166666 0.012044270833333334 0.012044270833333334
0 0.046223958333333336 0.5250651041666666 0.01171875 0.01171875
0 0.83642578125 0.7976888020833334 0.0107421875 0.0107421875
0 0.8058268229166666 0.75244140625 0.012044270833333334 0.012044270833333334
0 0.97412109375 0.17659505208333334 0.010091145833333334 0.010091145833333334
0 0.22249348958333334 0.94287109375 0.015299479166666666 0.015299479166666666
0 0.4132486979166667 0.16194661458333334 0.013997395833333334 0.013997395833333334
0 0.12825520833333334 0.7760416666666666 0.014322916666666666 0.014322916666666666
0 0.2913411458333333 0.9397786458333334 0.012369791666666666 0.012369791666666666
0 0.7000325520833334 0.9275716145833334 0.013346354166666666 0.013346354166666666
0 0.66650390625 0.9845377604166666 0.0126953125 0.0126953125
0 0.5670572916666666 0.4427083333333333 0.013020833333333334 0.013020833333333334
0 0.0361328125 0.5504557291666666 0.012369791666666666 0.012369791666666666
0 0.9903971354166666 0.5284830729166666 0.0107421875 0.0107421875
0 0.3445638020833333 0.23095703125 0.015950520833333332 0.015950520833333332
0 0.5322265625 0.3313802083333333 0.014973958333333334 0.014973958333333334
0 0.7477213541666666 0.16145833333333334 0.011067708333333334 0.011067708333333334
0 0.11214192708333333 0.8185221354166666 0.012044270833333334 0.012044270833333334
0 0.21468098958333334 0.41455078125 0.0126953125 0.0126953125
0 0.08772786458333333 0.30615234375 0.013346354166666666 0.013346354166666666
0 0.9602864583333334 0.22623697916666666 0.013020833333333334 0.013020833333333334
0 0.2314453125 0.869140625 0.015625 0.015625
0 0.051106770833333336 0.9244791666666666 0.013671875 0.013671875
0 0.5711263020833334 0.83837890625 0.0146484375 0.0146484375
0 0.458984375 0.2731119791666667 0.013020833333333334 0.013020833333333334
0 0.20296223958333334 0.6310221354166666 0.015950520833333332 0.015950520833333332
0 0.546875 0.7672526041666666 0.01171875 0.01171875
0 0.3929036458333333 0.767578125 0.014973958333333334 0.014973958333333334
0 0.73046875 0.041015625 0.01171875 0.01171875
0 0.15576171875 0.86865234375 0.0126953125 0.0126953125
0 0.8250325520833334 0.3497721354166667 0.010091145833333334 0.010091145833333334
0 0.8269856770833334 0.5255533854166666 0.015299479166666666 0.015299479166666666
0 0.7257486979166666 0.13069661458333334 0.015950520833333332 0.015950520833333332
0 0.41357421875 0.19938151041666666 0.0126953125 0.0126953125
0 0.66064453125 0.20621744791666666 0.013346354166666666 0.013346354166666666
0 0.16666666666666666 0.5169270833333334 0.011067708333333334 0.011067708333333334
0 0.7596028645833334 0.17626953125 0.010091145833333334 0.010091145833333334
0 0.9505208333333334 0.505859375 0.014322916666666666 0.014322916666666666
0 0.7928059895833334 0.7443033854166666 0.015299479166666666 0.015299479166666666
0 0.41259765625 0.5252278645833334 0.0146484375 0.0146484375
0 0.11995442708333333 0.05712890625 0.012044270833333334 0.012044270833333334
0 0.8255208333333334 0.054361979166666664 0.014973958333333334 0.014973958333333334
0 0.5335286458333334 0.018880208333333332 0.014973958333333334 0.014973958333333334
0 0.5999348958333334 0.7805989583333334 0.013671875 0.013671875
0 0.4254557291666667 0.14713541666666666 0.015625 0.015625
0 0.032877604166666664 0.83984375 0.010416666666666666 0.010416666666666666
0 0.047037760416666664 0.50341796875 0.0146484375 0.0146484375
0 0.3780924479166667 0.12255859375 0.013997395833333334 0.013997395833333334
0 0.3406575520833333 0.30126953125 0.0146484375 0.0146484375
0 0.07763671875 0.2706705729166667 0.013346354166666666 0.013346354166666666
0 0.6585286458333334 0.14388020833333334 0.015625 0.015625
0 0.8058268229166666 0.9451497395833334 0.012044270833333334 0.012044270833333334
0 0.5076497395833334 0.4269205729166667 0.012044270833333334 0.012044270833333334
0 0.5242513020833334 0.7062174479166666 0.013997395833333334 0.013997395833333334
0 0.044921875 0.4654947916666667 0.01171875 0.01171875
0 0.0283203125 0.3385416666666667 0.014322916666666666 0.014322916666666666
0 0.3896484375 0.4287109375 0.012369791666666666 0.012369791666666666
0 0.24853515625 0.07503255208333333 0.011393229166666666 0.011393229166666666
0 0.1650390625 0.6129557291666666 0.013020833333333334 0.013020833333333334
0 0.4544270833333333 0.046223958333333336 0.015625 0.015625
0 0.055826822916666664 0.056803385416666664 0.011393229166666666 0.011393229166666666
0 0.08219401041666667 0.21826171875 0.013346354166666666 0.013346354166666666
0 0.08447265625 0.8181966145833334 0.015299479166666666 0.015299479166666666
0 0.2902018229166667 0.14339192708333334 0.011393229166666666 0.011393229166666666
0 0.43017578125 0.9480794270833334 0.010091145833333334 0.010091145833333334
0 0.64306640625 0.52880859375 0.0126953125 0.0126953125
0 0.3445638020833333 0.23388671875 0.011393229166666666 0.011393229166666666
0 0.31884765625 0.98974609375 0.0146484375 0.0146484375
0 0.59521484375 0.93212890625 0.013997395833333334 0.013997395833333334
0 0.3616536458333333 0.05859375 0.014322916666666666 0.014322916666666666
0 0.5791015625 0.3590494791666667 0.009765625 0.009765625
0 0.7561848958333334 0.6412760416666666 0.01171875 0.01171875
0 0.4235026041666667 0.17415364583333334 0.012369791666666666 0.012369791666666666
0 0.2745768229166667 0.69189453125 0.0146484375 0.0146484375
0 0.7467447916666666 0.008463541666666666 0.010416666666666666 0.010416666666666666
0 0.21337890625 0.5421549479166666 0.013346354166666666 0.013346354166666666
0 0.3603515625 0.791015625 0.013020833333333334 0.013020833333333334
0 0.2833658854166667 0.6486002604166666 0.0107421875 0.0107421875
0 0.52587890625 0.8230794270833334 0.013997395833333334 0.013997395833333334
0 0.4392903645833333 0.62353515625 0.0107421875 0.0107421875
0 0.2555338541666667 0.7080078125 0.01171875 0.01171875
0 0.08740234375 0.96337890625 0.0107421875 0.0107421875
